76
0 0 8
0 1 8
0 2 8
0 3 8
0 5 4
0 7 8
0 8 8
0 9 8
0 10 8
0 11 7
0 12 8
1 0 1
1 1 6
1 2 2
1 3 8
1 5 3
1 9 8
1 11 5
2 0 4
2 5 1
2 7 1
2 11 2
3 1 1
3 2 1
3 3 1
3 5 4
3 7 2
3 9 1
4 1 1
4 5 1
4 7 1
4 10 1
4 11 1
4 12 4
5 3 1
5 5 2
5 7 4
5 9 1
5 11 1
6 1 2
6 2 5
6 5 1
6 7 1
6 10 2
6 12 8
7 0 8
7 1 7
7 2 8
7 3 8
7 4 8
7 7 3
7 9 1
7 10 8
7 11 6
7 12 8
8 0 8
8 1 8
8 2 8
8 3 8
8 4 8
8 5 8
8 6 8
8 7 4
8 8 8
8 9 8
8 10 8
8 11 8
8 12 8
2 6 14
3 4 13
3 8 16
3 12 18
4 0 11
4 4 12
6 6 15
7 8 17
0
0 3
0
6
1 2 3 4 5 7 
1
7 7 6 3 
1 5 4 2 
1
5 
3