76
0 0 8
1 0 1
2 0 4
4 0 11
7 0 8
8 0 8
0 1 8
1 1 6
3 1 1
4 1 1
6 1 7
8 1 8
0 2 8
1 2 2
3 2 1
6 2 5
7 2 8
8 2 8
0 3 8
1 3 8
3 3 1
5 3 1
7 3 8
8 3 8
0 4 12
4 4 13
7 4 8
8 4 8
0 5 4
1 5 3
2 5 1
3 5 4
4 5 1
5 5 2
6 5 1
8 5 8
2 6 14
5 6 15
8 6 8
0 7 8
2 7 1
3 7 2
4 7 1
5 7 4
6 7 1
7 7 3
8 7 4
0 8 8
3 8 16
8 8 8
0 9 8
1 9 8
3 9 1
5 9 1
7 9 1
8 9 8
0 10 8
4 10 1
6 10 2
7 10 8
8 10 8
1 10 5
0 11 8
1 11 7
2 11 2
4 11 1
5 11 1
8 11 8
6 11 17
7 11 6
0 12 8
3 12 18
4 12 4
6 12 8
7 12 8
8 12 8
0
0 0
11
0
0
0