69
0 0 8
7 0 8
8 0 8
0 1 8
8 1 8
0 2 8
7 2 8
8 2 8
0 3 8
1 3 8
7 3 8
8 3 8
7 4 8
8 4 8
8 5 8
8 6 8
0 7 8
0 8 8
8 8 8
0 9 8
1 9 8
8 9 8
0 10 8
7 10 8
8 10 8
8 11 8
0 12 8
6 12 8
7 12 8
8 12 8
0 5 7
0 11 16
1 0 2
1 2 4
1 5 3
1 7 17
2 1 1
2 3 12
2 9 2
2 11 1
2 12 4
3 0 6
3 2 15
3 4 2
3 5 1
3 7 4
3 8 1
3 11 1
4 1 5
4 4 1
4 5 1
4 8 1
4 9 11
4 12 6
5 0 1
5 1 1
5 4 1
5 5 5
5 6 14
5 7 3
5 10 2
5 12 4
6 0 4
6 2 2
7 1 13
7 6 2
7 8 4
7 11 18
8 7 7
0
0 0
11
0
0
0
0